snapshot at block=4065064 time=1500863155 Mon, 24 Jul 2017 02:25:55 UTC
1	0x6b4917d64ebc1b9f89a8bbf05f149c8d597ade87	1600	1600000000000000000000
2	0x01dbb419d66be0d389fab88064493f1d698dc27a	95280363.808372574069801786	95280363808372574069801786
3	0x10f22ffaf58b9ba298540ca5d05e6bf156491032	1755.6052304	1755605230400000000000
4	0x0db7f837afc4b8daac4d3a7f8a5608713e1d2b5e	160	160000000000000000000
5	0xd5a8a72cc115cafa3cfdf104e2736abdb2a6fc63	12800	12800000000000000000000
6	0xa4f8f4b77eb7f4982a5f4932586dc70e24aceb36	1520	1520000000000000000000
7	0x6fbb568eee034d4588f11e349f28ee606a94034c	16374.4	16374400000000000000000
8	0x1601cac1dde50e853f26b7a9bdd009da51ea366c	800	800000000000000000000
9	0x4086f4f397ac04635615dd797fc2a63678bf9bc4	3200	3200000000000000000000
10	0xf41b0feacb629b82dd849ff8d065e94835d678d9	2400	2400000000000000000000
11	0x2657624b32f334571101af8ecd30a16ba895a7ee	493.2	493200000000000000000
12	0x17d4f1151bdc0c199f6762550b975e58ab6eb69d	176	176000000000000000000
13	0x01ce92ea43e5656ce82000de667d5322e8e86284	476.3613283998340592	476361328399834059200
14	0x619302ff0289f3323aa7cb91ca16b8fff342aeb7	1600	1600000000000000000000
15	0x5b4edf0f3586bfc45de7233533a3a8b06a7220b8	160	160000000000000000000
16	0xc2fdae51dd6ed8c4fbbb36f87f785077c3df9903	800	800000000000000000000
17	0x01178ba68f17f1f65675a00fb99d8d9a3c079412	800	800000000000000000000
18	0x5eec87a026022def3947b145c50f59fe43b84ece	50288.47792	50288477920000000000000
19	0x422add65ab76a9f3eb523efaef9688317886d49b	1600	1600000000000000000000
20	0x159cf6e3b8791166581709c9f93904434a44a3ae	400	400000000000000000000
21	0xc0bd1bd51056943d4fb320df50de2323c59e6152	9600	9600000000000000000000
22	0x1d555e73f4c2aab84c26602e2163a8d82eaa94ba	6440	6440000000000000000000
23	0x5174a34aae7ffeb2dd2d37ea4571e90a93cdcf70	1451.9884897	1451988489700000000000
24	0x35c3d3dbae10d05524bffc06df87d167ba19f503	1600	1600000000000000000000
25	0x9c315ea9ba93dbbd522849a3f56391a0f5a759dd	7484.8	7484800000000000000000
26	0x688ec9342ec870703944a703d7f68d5ae30e74f5	30400	30400000000000000000000
27	0xb916dbcdcfde1ef92ddf749332d4af22b98b5191	5137	5137000000000000000000
28	0xad92faab7b054357cef675a9832d7c3ae69e4700	1028.470144	1028470144000000000000
29	0xc880133e603997146d8ac962a6efd44557a6d572	32000	32000000000000000000000
30	0xbee2b81ef6ad7a97cce2442964d21bc3578c1ee3	8000	8000000000000000000000
31	0x7d52b862dbb84dff50350c116b8c19a0a896850a	1600	1600000000000000000000
32	0x27383bf99144f2530193ca344e3310dc52be1e43	400	400000000000000000000
33	0x29fbe56fb58487b2c7fc3619bbc7664fd4a73742	3600	3600000000000000000000
34	0x65a014c2e69a453584cd8d54a7d83f227f9af8e4	4800	4800000000000000000000
35	0x3a06facdc648dc72a10c7cc636b1312517910b3e	160	160000000000000000000
36	0x24486be8343963fa57f713c445a4a4d617af9b6e	2982.64184	2982641840000000000000
37	0x532206df0506db376930576883fdf2c6d247c1e5	8000	8000000000000000000000
38	0xf67d35dde0e2134f8131cf6f4569d0dcf71fc688	1664	1664000000000000000000
39	0xaf731e47f9870b2f8f482d188f03ac41b2ef7cd0	1593.6	1593600000000000000000
40	0x0aa8e8709ed289baa2e8562ce897fd0c7a049201	1600	1600000000000000000000
41	0x4062b2b12b354bf8f9398685a29e1f5e534f95a8	5694.4	5694400000000000000000
42	0x6d7418bbc207fc99c2ba46d7d3fa732ee71e8bc2	1600	1600000000000000000000
43	0x5e5f3420ab2c0a23dbf1586af6528f08ad466eed	7840	7840000000000000000000
44	0x09deaed286c34290f8d5fd71b5e361affe9e2444	16000	16000000000000000000000
45	0xedd4e614ec7d8354294563976f17ab499074f798	217.4739232	217473923200000000000
46	0x03f242ca9d16530f8f537d4cd74c1cdd182ac98f	1600	1600000000000000000000
47	0x178ea66f4d54ec75d3aa28a3ce905fe53dde7ef2	3200	3200000000000000000000
48	0x2e324bb9828c5217410156d08d44e5b9e784f1c0	3300	3300000000000000000000
49	0x4c6f21743e46a8fa67a510bb5054c07ed2380c0e	240	240000000000000000000
50	0xba5ce24d4fd348c0aa82bf372e69af3b57ef9ec2	1600	1600000000000000000000
51	0x650ea9c3cd00b2f5df6cfc14f5e0a70ee04dc5b3	268	268000000000000000000
52	0xeb44c6488486c3ba0399603dcf12c48a2b96b60a	7952	7952000000000000000000
53	0x06e89557dde318524a79fa291dcae2dfae11f3ac	16000	16000000000000000000000
54	0x6d394b43a57247dd0b0c057eb41d4aeb4df97e92	1600	1600000000000000000000
55	0xafd878964d2a3da40a21e61589dfe187e8a4751d	6560	6560000000000000000000
56	0xef56308cbcf701aff89be38ef46a018df9cbc5b8	48	48000000000000000000
57	0x9a5ae09dd160e7305ce182b8be27877e2b69bb34	800	800000000000000000000
58	0x509a2c1e8d6920d6b255402d48d90d755ac5e963	304	304000000000000000000
59	0x9f9e2ac549bbdcd41d15167e2d639f8b74960ccd	1600	1600000000000000000000
60	0xfd2252ec98b8009f1ecc78698f875cbb2bf0eb11	1600	1600000000000000000000
61	0xfaab2e5757d0afd434b4a313cf1f08badf0dace3	1104	1104000000000000000000
62	0x248214677365e38115cd84715b60a8e2eefbaccf	905.6	905600000000000000000
63	0xd1d006c4a71c0f38dacd99e7dda2d639ed18494f	800	800000000000000000000
64	0x99b380caf76d3d631db350ecc758fba3af684085	787.2	787200000000000000000
65	0x7b4eaf72539e2f54dd160d54185fe1d0533734f3	5600	5600000000000000000000
66	0x87c32b5a1697d367f06d58926bc5ce5eb8201f83	1120	1120000000000000000000
67	0x3171215f488a5ed6ae51efe9a3c3834adbe31dc1	2400	2400000000000000000000
68	0x20f8d9eaaa8dd425b77d2c9627733ddaa069948c	80	80000000000000000000
69	0xec3a1a169935024724a4feb881b678c1d42b6eac	160	160000000000000000000
70	0x647becb6c76b27bad3e101293045dde1ad6a087a	1456	1456000000000000000000
71	0xa04cbff9c5d59eedebbcc8620ad0e52cf4d8be21	8000	8000000000000000000000
72	0xc78a6bc3484c3429a2f9eb23ac0744250674505e	3296	3296000000000000000000
73	0x5976fd31391dd442d59af9ed43d37a5394379956	2400	2400000000000000000000
74	0xb9d13afe2fe2f7fe0f1b009d45ac5aad7c58fba1	3200	3200000000000000000000
75	0x4f84a45e9801f5646d71ad6af2f4726ca2055396	800	800000000000000000000
76	0xb9cbdd43cac457223aef247095f1e3f5520184ed	961.6	961600000000000000000
77	0xfb3306263a545c38d9aeb776b2c433c1d8251aea	31208.180402	31208180402000000000000
78	0x8360a5fcc73ac32075534ef59367753c8bd967ed	1600	1600000000000000000000
79	0x03602951d0345cfe691ad94454ebaa5efe24dd65	169.6	169600000000000000000
80	0xf9653aa48deae0cd7346f833ecac883fcc91095b	80	80000000000000000000
81	0x51a00aa1148e60b508bd4ae25ef53538db7b7799	13798	13798000000000000000000
82	0x8996b264bcee64592e50a06af4be3b921bda18c8	273.60632	273606320000000000000
83	0xda7b73591a087e849434fe96a1e9f60f881ea5cd	576	576000000000000000000
84	0x2f9ed38bd269270c6c7d39c1f43e9a96145d22c3	1600	1600000000000000000000
85	0xb054aa74ed1c236bb2999923968868187ad997f0	5535.2	5535200000000000000000
86	0x0879454104663831b50358bd5d44482bded40f26	1340.53152	1340531520000000000000
87	0xb52c782e2f08e629d33002aadf01ed8bd67aeb1c	1600	1600000000000000000000
88	0x8b88271a4725871907d7b8a68a520ff2b74bb77e	9.496176	9496176000000000000
89	0x795a5a8c57ec4478632f9f6dc343dce7286a3129	800	800000000000000000000
90	0xdaef1b0cca869b37255b48aa7544231facf5fd99	256	256000000000000000000
91	0x135740c85e807d32bb012ab16a204913ddda103b	400	400000000000000000000
92	0x47acc7eb8a059e3e0722de237c000910567dc967	7840	7840000000000000000000
93	0xeea8e00a6d05abf3c02327aa27a989a9f273e221	1700	1700000000000000000000
94	0xe3fdb54e0d9b3a158b52f38bb023a2aeda853f27	1600	1600000000000000000000
95	0x207804c3b76fb375ad127bad32e84292670e6351	640	640000000000000000000
96	0x1692b540c665b7abad3a4c6aefdc830fd37a490e	5099.2	5099200000000000000000
97	0xeaaae01d520d791d1f595e3eda90b46af3b4797d	16384	16384000000000000000000
98	0x1bf10e70b7772a877a5a92267ac0732acf16940b	12800	12800000000000000000000
99	0x6e30a40a23509d334134fb412f4d89b870e07103	800	800000000000000000000
100	0x9f97b63fa78192cab5bb2ba6216df270a8a3dd4b	800	800000000000000000000
101	0xbe774e266922c0d5a695b22e0c0d14f226107d35	25500	25500000000000000000000
102	0x774b587d05d32a2a1a9584ffee7410e42d78c9a3	15811.69361097886626	15811693610978866260000
